240 Ρ311113111113313311331313 Ρ1113 Ι. 1313. 11.

71331331 1313331311 3 8331311133131333, Ρ13311113331313311331 11113331. 1103313111
1313131111111113,111111113111113131331111.

1633311113111-’3113313113Μ11111311111133113133111131581.3113331.3111113.99.

S33 3311113 Prcc 13313113 113111113311131131111333131624. 3111310.

.633311113113113111113311 13313311133,11311113 11311113313333 1574. (1113331. 3131113. 21.

1131131111133 3113113113 113131313111311313 1621. 311. 44.1133133.3131024.331.11
111331111311310211. 331. 44. 13313131113113 1620. 331. 30. 1133111333331527. 311. 27. [pag.
7823 1331133313 1020. 311.30.1133131131“3 1334. 1131. 55. 133131311133313 1638. 311. 47.
133113113131630331. 55. 11313331111111311313 1641. 331. 38. 1133111333 1045. 311. 48.

113113311133 1131311113, 1331133333 1624. 311. 16.

11113331311113 1620. 3333. 4. 311. 2. 101113131621. 1622. 3333. 2. 311. l. 10211. 3333. 2.
311. 3. 1628. 3333. 2331. 1.

1113133, 11111333111131131538311. 0. 13333311. 1620. 3333. 1. 311. 6. 11· 3333. 3. 311. 0.

. 1133331131333 1630. 3333. 2. 311. 3. 11311133311313 1031. 3333. 3. 111 11113 331313333113113

1636. 3333. 2. 11311331131333 1637. 3333. 4. 31113. 21. 8333311333 1042. 31113. 161133-
31113333 1646. 3333. 2. 31113. ll. 11333-133133133 6331333313 1028. 3333. 2. 31113. 3.
1133113113 1620. 3333. 233113. 211· 1630. 3333. l. 331. 10. (331113131ιεὶ3 1636, 311. 42. ’
1133113113 1037. 311. 42. 111-3331113333 1030. 3333. 3. 31113. 23. 11111331 1043. 3333. 2. ,
1131. 12. 113111 1311313 1544. 3333. 7. 311. 40.1110713311311316453333131162.
0311131311313116112. 311. 50..61331111133113131611331. 42. 631113133313165031117. 3

111331111371133133331331131111331311133313,1311311313’1313133131 31113311. 21. 33. 3
Nc 11311113 1311111. 1133311111 110. 2. 1111333 3331 10..631331131111111113131130311133. ,
111333311311111.12137.163333131331111131137133133133111331.37.13“.34.31.1113133111
111133331313.111113111111313113111313113.3133.13131111111131. 1133131313 (1311113331.
1111 1133112211. 26. 21111131111113 11111 (1331133111. 11333113133311831333. 1113111111
6311131. (11111311. 11331. 4. 311. 1111111311. 33 33333333 peculiam 71331.313.3111111113,11ΤΙ133133“3
UNNrajchinis cdiNo, ubi plura ProNcsscrum 1311113 Academiae Theologorum responsa
exhibentur: inNer quac clariss. Tlicologor. Ρ3133111111, 1113311, 7113311, 1113131213-
331311311111 311 Ρ13311313111111131111313111113333 111 1133111311 111133331131127333113111131 .
. 1627. 11333311313333, 1311. 11133333.Ι)1331.313311113311 3311113 113131331133133111333311111
3111131642. NN 1111113313 113 31131331. 31133311. 111331. 27. 1113331133 111 63311113· 111. 5.
3331. 44. (3331333333, Η3111.111133111111111711331311331113111311131. (11·11111113311111111
3311111111 31111310623311111.

113111313111333331131 013313131111111311 11331333111131111311311113.Ρ.03131111111171331
3333113113.133111111133131311311111.

11111333313133, Maia. 631131333111 03131111111131113313113331113331113131,Ε3331111111101131
131111311311311311,Ν31113311,111 1331111131(1313131111113311331113331111311133131.,111131
11111111 ParN. 133. 2. 3331131131331113113331131113333313131333 Thysiidefacncrc.
3111111113 constare 3313111.111331113331131311133113333, 3131331131311111111331. 1. 7133
133133 11111313333133.423.Α11113Τ1133133331131333,1311113133331311113311113311333111111
quales 133133113111311113111 7113331113 63133113113331113131133 recusa& nupcr 31111133
3131131 ione Thc 3313331331. 11131111 13111111 Leidcnsis& 111113331111113 311 (1113331. 1111.
6311311131113 1111313333,111Ρ13111111131[3178318331 3111113113 3118. 3113331311
1113311131311311311223 5. 31113. 183 Huic nubi 1331111111 &argumentis per 33311331
3113113 hodic ab'' us ,quorum interest ,33331111 111, quod byncdls Classe& synedria. ,

- Theologi

 

